5 5000 7.0E-4 0.05 0.17365273263495853 39.724
5 5000 7.0E-4 0.15 0.17742048850690845 35.798
5 5000 7.0E-4 0.1 0.1831750853812333 36.692
5 5000 7.0E-4 0.25 0.19836734715375878 35.13
5 5000 7.0E-4 0.2 0.2020299109942566 35.363
5 5000 7.0E-4 0.80000013 0.41264496607879464 34.735
5 5000 7.0E-4 0.7500001 0.41308076136599203 36.868
5 5000 7.0E-4 0.7000001 0.4135719500094948 37.28
5 5000 7.0E-4 0.6500001 0.41413042221654517 36.674
5 5000 7.0E-4 0.6000001 0.41477172596962847 36.231
5 5000 7.0E-4 0.5500001 0.41551669859173124 35.495
5 5000 7.0E-4 0.45000005 0.41744422650281005 28.98
5 5000 7.0E-4 0.50000006 0.4182686746790234 34.674
5 5000 7.0E-4 0.40000004 0.41872675416916677 35.532
5 5000 7.0E-4 0.35000002 0.42033214664163265 35.88
5 5000 7.0E-4 0.3 0.4224055176694637 36.702
2 1 0.1 0.1 0.44706976265497184 0.017
5 5000 7.0E-4 0.0 0.557159148861606 39.885
