4 5000 7.0E-4 0.01 0.23589846012817922 58.033
5 3000 0.01 0.01 0.2417076982438339 47.916
5 5000 7.0E-4 0.1 0.26841058312094757 75.062
3 5000 7.0E-4 0.01 0.27688707165957804 48.336
2 5000 7.0E-4 0.01 0.2807220934030121 33.788
5 5000 7.0E-4 0.2 0.2855730618125883 73.271
5 10 0.1 0.1 0.3680977503748438 0.306
5 5000 7.0E-4 0.0 0.46164583135089954 76.167
5 5000 7.0E-4 0.6 0.4639919266314257 78.313
5 5000 7.0E-4 0.4 0.4805388719559061 71.863
5 5000 7.0E-4 0.3 0.48565965269670824 73.813
5 5000 7.0E-4 0.70000005 0.48978889045429175 74.763
5 5000 7.0E-4 0.9000001 0.5004372264938695 69.796
5 5000 7.0E-4 0.8000001 0.5145472966886314 72.231
5 5000 7.0E-4 0.5 0.5158555119506258 78.515
